   5.1619000e-02  -4.4700000e-03   9.9987000e-02  -4.9218000e-01   4.2627000e-02  -8.6945000e-01
   5.0780000e-02   2.0568000e-02   9.8237000e-02  -4.8186000e-01  -1.9518000e-01  -8.5423000e-01
   4.9506000e-02   9.0410000e-03   1.0081700e-01  -4.7326000e-01  -8.6430000e-02  -8.7667000e-01
   4.5257000e-02  -1.3920000e-02   1.0239400e-01  -4.3509000e-01   1.3385200e-01  -8.9038000e-01
   4.3215000e-02   3.2981000e-02   9.8494000e-02  -4.1035000e-01  -3.1317000e-01  -8.5647000e-01
   4.0756000e-02  -2.4100000e-02   1.0239400e-01  -3.9182000e-01   2.3172500e-01  -8.9038000e-01
   4.0691000e-02  -3.4750000e-02   9.9001000e-02  -3.8690000e-01   3.3044200e-01  -8.6088000e-01
   4.0682000e-02  -2.5600000e-03   1.0550300e-01  -3.9715000e-01   2.4987000e-02  -9.1741000e-01
   4.0386000e-02   2.2617000e-02   1.0293000e-01  -3.8911000e-01  -2.1791000e-01  -8.9504000e-01
   3.6726000e-02   1.1298000e-02   1.0648600e-01  -3.6092000e-01  -1.1103000e-01  -9.2597000e-01
   3.3651000e-02   4.1334000e-02   9.9127000e-02  -3.2007000e-01  -3.9314000e-01  -8.6197000e-01
   3.1264000e-02   2.9359000e-02   1.0455500e-01  -3.0355000e-01  -2.8505000e-01  -9.0918000e-01
   3.1259000e-02  -4.4480000e-02   9.8494000e-02  -2.9682000e-01   4.2232500e-01  -8.5647000e-01
   3.0941000e-02   1.7030000e-03   1.0922400e-01  -3.1246000e-01  -1.7200000e-02  -9.4977000e-01
   2.9780000e-02  -3.4320000e-02   1.0334900e-01  -2.8745000e-01   3.3125700e-01  -8.9869000e-01
   2.8645000e-02  -2.3320000e-02   1.0708100e-01  -2.8280000e-01   2.3023800e-01  -9.3114000e-01
   2.7355000e-02   1.8278000e-02   1.0857500e-01  -2.7402000e-01  -1.8310000e-01  -9.4413000e-01
   2.4385000e-02  -1.1470000e-02   1.1047300e-01  -2.5138000e-01   1.1829300e-01  -9.6063000e-01
   2.3408000e-02   3.8198000e-02   1.0365800e-01  -2.2626000e-01  -3.6923000e-01  -9.0137000e-01
   2.0383000e-02   8.4430000e-03   1.1177000e-01  -2.1741000e-01  -9.0060000e-02  -9.7192000e-01
   2.0313000e-02  -4.2300000e-02   1.0261000e-01  -1.9545000e-01   4.0702700e-01  -8.9226000e-01
   1.7338000e-02  -3.0300000e-03   1.1275700e-01  -1.9360000e-01   3.3788000e-02  -9.8050000e-01
   1.7127000e-02   5.0024000e-02   9.9375000e-02  -1.6301000e-01  -4.7613000e-01  -8.6413000e-01
   1.7116000e-02  -2.1360000e-02   1.1034900e-01  -1.7602000e-01   2.1970800e-01  -9.5955000e-01
   1.6225000e-02  -3.2470000e-02   1.0732800e-01  -1.6052000e-01   3.2125800e-01  -9.3329000e-01
   1.5950000e-02   3.0705000e-02   1.0796700e-01  -1.5874000e-01  -3.0558000e-01  -9.3884000e-01
   1.2691000e-02  -5.2860000e-02   9.8494000e-02  -1.2050000e-01   5.0193300e-01  -8.5647000e-01
   1.1965000e-02   4.1185000e-02   1.0455500e-01  -1.1618000e-01  -3.9988000e-01  -9.0918000e-01
   9.3560000e-03  -4.1850000e-02   1.0455500e-01  -9.0840000e-02   4.0638400e-01  -9.0918000e-01
   8.3190000e-03   1.8818000e-02   1.1212000e-01  -8.9920000e-02  -2.0340000e-01  -9.7496000e-01
   8.0150000e-03  -1.5430000e-02   1.1280000e-01  -8.9740000e-02   1.7275600e-01  -9.8087000e-01
   4.1570000e-03   2.9206000e-02   1.0970300e-01  -4.2270000e-02  -2.9701000e-01  -9.5394000e-01
   3.5240000e-03   4.9775000e-02   1.0104900e-01  -3.3720000e-02  -4.7620000e-01  -8.7869000e-01
   9.4000000e-04   3.9901000e-02   1.0586700e-01  -9.2000000e-03  -3.9044000e-01  -9.2058000e-01
   9.2000000e-04  -2.9270000e-02   1.0977000e-01  -9.3700000e-03   2.9800500e-01  -9.5452000e-01
  -1.6800000e-03  -5.3490000e-02   9.9001000e-02   1.5982000e-02   5.0855300e-01  -8.6088000e-01
  -2.3300000e-03  -4.2400000e-02   1.0474900e-01   2.2679000e-02   4.1209400e-01  -9.1086000e-01
  -7.1300000e-03   1.3733000e-02   1.1316300e-01   8.2073000e-02  -1.5800000e-01  -9.8402000e-01
  -7.1800000e-03   2.7956000e-02   1.0990100e-01   7.3228000e-02  -2.8521000e-01  -9.5566000e-01
  -9.4400000e-03   4.7482000e-02   1.0184400e-01   9.0611000e-02  -4.5553000e-01  -8.8560000e-01
  -1.1160000e-02  -1.7280000e-02   1.1212000e-01   1.2063400e-01   1.8683000e-01  -9.7496000e-01
  -1.1550000e-02  -4.8110000e-02   1.0127900e-01   1.1058200e-01   4.6060700e-01  -8.8069000e-01
  -1.4780000e-02   3.7960000e-03   1.1320100e-01   1.7066000e-01  -4.3820000e-02  -9.8436000e-01
  -1.5450000e-02   3.4949000e-02   1.0657200e-01   1.5193700e-01  -3.4367000e-01  -9.2672000e-01
  -1.6690000e-02   2.2231000e-02   1.1022300e-01   1.7125000e-01  -2.2808000e-01  -9.5846000e-01
  -1.7600000e-02  -3.8180000e-02   1.0494000e-01   1.7124100e-01   3.7145000e-01  -9.1252000e-01
  -1.7850000e-02  -2.7640000e-02   1.0857500e-01   1.7877000e-01   2.7686600e-01  -9.4413000e-01
  -2.1660000e-02  -1.1690000e-02   1.1112200e-01   2.2661600e-01   1.2227600e-01  -9.6628000e-01
  -2.1840000e-02   5.0477000e-02   9.8107000e-02   2.0720800e-01  -4.7883000e-01  -8.5311000e-01
  -2.5680000e-02   3.9778000e-02   1.0239400e-01   2.4692900e-01  -3.8243000e-01  -8.9038000e-01
  -2.7790000e-02   2.5288000e-02   1.0682900e-01   2.7382400e-01  -2.4916000e-01  -9.2895000e-01
  -2.7800000e-02  -3.1530000e-02   1.0494000e-01   2.7049100e-01   3.0681200e-01  -9.1252000e-01
  -2.8530000e-02  -4.1970000e-02   1.0058300e-01   2.7248800e-01   4.0095400e-01  -8.7463000e-01
  -2.8990000e-02  -2.0030000e-02   1.0773100e-01   2.8783500e-01   1.9893500e-01  -9.3679000e-01
  -2.9280000e-02   6.9000000e-04   1.0977000e-01   2.9806900e-01  -7.0200000e-03  -9.5452000e-01
  -3.1310000e-02   1.4732000e-02   1.0796700e-01   3.1157500e-01  -1.4662000e-01  -9.3884000e-01
  -3.9630000e-02  -2.9270000e-02   1.0139300e-01   3.7954300e-01   2.8033500e-01  -8.8168000e-01
  -4.2170000e-02  -4.9900000e-03   1.0474900e-01   4.0985700e-01   4.8510000e-02  -9.1086000e-01
  -4.3460000e-02   3.3710000e-02   9.8107000e-02   4.1225500e-01  -3.1978000e-01  -8.5311000e-01
  -4.3690000e-02  -1.7700000e-02   1.0250200e-01   4.2020900e-01   1.7020200e-01  -8.9132000e-01
  -4.3940000e-02   1.8201000e-02   1.0228500e-01   4.2227300e-01  -1.7491000e-01  -8.8943000e-01
  -4.6850000e-02   5.1730000e-03   1.0250200e-01   4.5063200e-01  -4.9750000e-02  -8.9132000e-01
  -5.3270000e-02  -1.2790000e-02   9.8237000e-02   5.0552700e-01   1.2136600e-01  -8.5423000e-01
  -5.4980000e-02  -1.3000000e-03   9.8107000e-02   5.2159400e-01   1.2292000e-02  -8.5311000e-01
